0 0.0 1.0 0.0
1 0.02 0.999799979996 0.0
2 0.04 0.999199679744 0.0
3 0.06 0.998198377077 0.0
4 0.08 0.99679486355 0.0
5 0.1 0.994987437107 0.0
6 0.12 0.992773891679 0.0
7 0.14 0.990151503559 0.0
8 0.16 0.98711701434 0.0
9 0.18 0.983666610189 0.0
10 0.2 0.979795897113 0.0
11 0.22 0.975499871861 0.0
12 0.24 0.970772887961 0.0
13 0.26 0.965608616366 0.0
14 0.28 0.96 0.0
15 0.3 0.953939201417 0.0
16 0.32 0.947417542586 0.0
17 0.34 0.940425435641 0.0
18 0.36 0.932952303175 0.0
19 0.38 0.924986486388 0.0
20 0.4 0.916515138991 0.0
21 0.42 0.907524104363 0.0
22 0.44 0.897997772826 0.0
23 0.46 0.887918915217 0.0
24 0.48 0.877268487978 0.0
25 0.5 0.866025403784 0.0
26 0.52 0.854166260163 0.0
27 0.54 0.8416650165 0.0
28 0.56 0.828492607088 0.0
29 0.58 0.814616474177 0.0
30 0.6 0.8 0.0
31 0.62 0.784601809837 0.0
32 0.64 0.768374908492 0.0
33 0.66 0.75126559884 0.0
34 0.68 0.733212111193 0.0
35 0.7 0.714142842854 0.0
36 0.72 0.693974062916 0.0
37 0.74 0.672606868832 0.0
38 0.76 0.649923072371 0.0
39 0.78 0.625779513886 0.0
40 0.8 0.6 0.0
41 0.82 0.57236352085 0.0
42 0.84 0.54258639865 0.0
43 0.86 0.510294032887 0.0
44 0.88 0.474973683482 0.0
45 0.9 0.435889894354 0.0
46 0.92 0.391918358845 0.0
47 0.94 0.341174442185 0.0
48 0.96 0.28 0.0
49 0.98 0.198997487421 0.0
50 1.0 0.0 0.0
51 0.98 -0.198997487421 0.0
52 0.96 -0.28 0.0
53 0.94 -0.341174442185 0.0
54 0.92 -0.391918358845 0.0
55 0.9 -0.435889894354 0.0
56 0.88 -0.474973683482 0.0
57 0.86 -0.510294032887 0.0
58 0.84 -0.54258639865 0.0
59 0.82 -0.57236352085 0.0
60 0.8 -0.6 0.0
61 0.78 -0.625779513886 0.0
62 0.76 -0.649923072371 0.0
63 0.74 -0.672606868832 0.0
64 0.72 -0.693974062916 0.0
65 0.7 -0.714142842854 0.0
66 0.68 -0.733212111193 0.0
67 0.66 -0.75126559884 0.0
68 0.64 -0.768374908492 0.0
69 0.62 -0.784601809837 0.0
70 0.6 -0.8 0.0
71 0.58 -0.814616474177 0.0
72 0.56 -0.828492607088 0.0
73 0.54 -0.8416650165 0.0
74 0.52 -0.854166260163 0.0
75 0.5 -0.866025403784 0.0
76 0.48 -0.877268487978 0.0
77 0.46 -0.887918915217 0.0
78 0.44 -0.897997772826 0.0
79 0.42 -0.907524104363 0.0
80 0.4 -0.916515138991 0.0
81 0.38 -0.924986486388 0.0
82 0.36 -0.932952303175 0.0
83 0.34 -0.940425435641 0.0
84 0.32 -0.947417542586 0.0
85 0.3 -0.953939201417 0.0
86 0.28 -0.96 0.0
87 0.26 -0.965608616366 0.0
88 0.24 -0.970772887961 0.0
89 0.22 -0.975499871861 0.0
90 0.2 -0.979795897113 0.0
91 0.18 -0.983666610189 0.0
92 0.16 -0.98711701434 0.0
93 0.14 -0.990151503559 0.0
94 0.12 -0.992773891679 0.0
95 0.1 -0.994987437107 0.0
96 0.08 -0.99679486355 0.0
97 0.06 -0.998198377077 0.0
98 0.04 -0.999199679744 0.0
99 0.02 -0.999799979996 0.0
100 -0.0 -1.0 0.0
101 -0.02 -0.999799979996 0.0
102 -0.04 -0.999199679744 0.0
103 -0.06 -0.998198377077 0.0
104 -0.08 -0.99679486355 0.0
105 -0.1 -0.994987437107 0.0
106 -0.12 -0.992773891679 0.0
107 -0.14 -0.990151503559 0.0
108 -0.16 -0.98711701434 0.0
109 -0.18 -0.983666610189 0.0
110 -0.2 -0.979795897113 0.0
111 -0.22 -0.975499871861 0.0
112 -0.24 -0.970772887961 0.0
113 -0.26 -0.965608616366 0.0
114 -0.28 -0.96 0.0
115 -0.3 -0.953939201417 0.0
116 -0.32 -0.947417542586 0.0
117 -0.34 -0.940425435641 0.0
118 -0.36 -0.932952303175 0.0
119 -0.38 -0.924986486388 0.0
120 -0.4 -0.916515138991 0.0
121 -0.42 -0.907524104363 0.0
122 -0.44 -0.897997772826 0.0
123 -0.46 -0.887918915217 0.0
124 -0.48 -0.877268487978 0.0
125 -0.5 -0.866025403784 0.0
126 -0.52 -0.854166260163 0.0
127 -0.54 -0.8416650165 0.0
128 -0.56 -0.828492607088 0.0
129 -0.58 -0.814616474177 0.0
130 -0.6 -0.8 0.0
131 -0.62 -0.784601809837 0.0
132 -0.64 -0.768374908492 0.0
133 -0.66 -0.75126559884 0.0
134 -0.68 -0.733212111193 0.0
135 -0.7 -0.714142842854 0.0
136 -0.72 -0.693974062916 0.0
137 -0.74 -0.672606868832 0.0
138 -0.76 -0.649923072371 0.0
139 -0.78 -0.625779513886 0.0
140 -0.8 -0.6 0.0
141 -0.82 -0.57236352085 0.0
142 -0.84 -0.54258639865 0.0
143 -0.86 -0.510294032887 0.0
144 -0.88 -0.474973683482 0.0
145 -0.9 -0.435889894354 0.0
146 -0.92 -0.391918358845 0.0
147 -0.94 -0.341174442185 0.0
148 -0.96 -0.28 0.0
149 -0.98 -0.198997487421 0.0
150 -1.0 -0.0 0.0
151 -0.98 0.198997487421 0.0
152 -0.96 0.28 0.0
153 -0.94 0.341174442185 0.0
154 -0.92 0.391918358845 0.0
155 -0.9 0.435889894354 0.0
156 -0.88 0.474973683482 0.0
157 -0.86 0.510294032887 0.0
158 -0.84 0.54258639865 0.0
159 -0.82 0.57236352085 0.0
160 -0.8 0.6 0.0
161 -0.78 0.625779513886 0.0
162 -0.76 0.649923072371 0.0
163 -0.74 0.672606868832 0.0
164 -0.72 0.693974062916 0.0
165 -0.7 0.714142842854 0.0
166 -0.68 0.733212111193 0.0
167 -0.66 0.75126559884 0.0
168 -0.64 0.768374908492 0.0
169 -0.62 0.784601809837 0.0
170 -0.6 0.8 0.0
171 -0.58 0.814616474177 0.0
172 -0.56 0.828492607088 0.0
173 -0.54 0.8416650165 0.0
174 -0.52 0.854166260163 0.0
175 -0.5 0.866025403784 0.0
176 -0.48 0.877268487978 0.0
177 -0.46 0.887918915217 0.0
178 -0.44 0.897997772826 0.0
179 -0.42 0.907524104363 0.0
180 -0.4 0.916515138991 0.0
181 -0.38 0.924986486388 0.0
182 -0.36 0.932952303175 0.0
183 -0.34 0.940425435641 0.0
184 -0.32 0.947417542586 0.0
185 -0.3 0.953939201417 0.0
186 -0.28 0.96 0.0
187 -0.26 0.965608616366 0.0
188 -0.24 0.970772887961 0.0
189 -0.22 0.975499871861 0.0
190 -0.2 0.979795897113 0.0
191 -0.18 0.983666610189 0.0
192 -0.16 0.98711701434 0.0
193 -0.14 0.990151503559 0.0
194 -0.12 0.992773891679 0.0
195 -0.1 0.994987437107 0.0
196 -0.08 0.99679486355 0.0
197 -0.06 0.998198377077 0.0
198 -0.04 0.999199679744 0.0
199 -0.02 0.999799979996 0.0
200 0.0 1.0 0.0