0 0.0 1.0 0.0
1 0.0 1.0 0.0
2 0.02 1.01979998 0.0
3 0.02 1.01979998 0.0
4 0.04 1.03919967974 0.0
5 0.04 1.03919967974 0.0
6 0.06 1.05819837708 0.0
7 0.06 1.05819837708 0.0
8 0.08 1.07679486355 0.0
9 0.08 1.07679486355 0.0
10 0.1 1.09498743711 0.0
11 0.1 1.09498743711 0.0
12 0.12 1.11277389168 0.0
13 0.12 1.11277389168 0.0
14 0.14 1.13015150356 0.0
15 0.14 1.13015150356 0.0
16 0.16 1.14711701434 0.0
17 0.16 1.14711701434 0.0
18 0.18 1.16366661019 0.0
19 0.18 1.16366661019 0.0
20 0.2 1.17979589711 0.0
21 0.2 1.17979589711 0.0
22 0.22 1.19549987186 0.0
23 0.22 1.19549987186 0.0
24 0.24 1.21077288796 0.0
25 0.24 1.21077288796 0.0
26 0.26 1.22560861637 0.0
27 0.26 1.22560861637 0.0
28 0.28 1.24 0.0
29 0.28 1.24 0.0
30 0.3 1.25393920142 0.0
31 0.3 1.25393920142 0.0
32 0.32 1.26741754259 0.0
33 0.32 1.26741754259 0.0
34 0.34 1.28042543564 0.0
35 0.34 1.28042543564 0.0
36 0.36 1.29295230318 0.0
37 0.36 1.29295230318 0.0
38 0.38 1.30498648639 0.0
39 0.38 1.30498648639 0.0
40 0.4 1.31651513899 0.0
41 0.4 1.31651513899 0.0
42 0.42 1.32752410436 0.0
43 0.42 1.32752410436 0.0
44 0.44 1.33799777283 0.0
45 0.44 1.33799777283 0.0
46 0.46 1.34791891522 0.0
47 0.46 1.34791891522 0.0
48 0.48 1.35726848798 0.0
49 0.48 1.35726848798 0.0
50 0.5 1.36602540378 0.0
51 0.5 1.36602540378 0.0
52 0.52 1.37416626016 0.0
53 0.52 1.37416626016 0.0
54 0.54 1.3816650165 0.0
55 0.54 1.3816650165 0.0
56 0.56 1.38849260709 0.0
57 0.56 1.38849260709 0.0
58 0.58 1.39461647418 0.0
59 0.58 1.39461647418 0.0
60 0.6 1.4 0.0
61 0.6 1.4 0.0
62 0.62 1.40460180984 0.0
63 0.62 1.40460180984 0.0
64 0.64 1.40837490849 0.0
65 0.64 1.40837490849 0.0
66 0.66 1.41126559884 0.0
67 0.66 1.41126559884 0.0
68 0.68 1.41321211119 0.0
69 0.68 1.41321211119 0.0
70 0.7 1.41414284285 0.0
71 0.7 1.41414284285 0.0
72 0.72 1.41397406292 0.0
73 0.72 1.41397406292 0.0
74 0.74 1.41260686883 0.0
75 0.74 1.41260686883 0.0
76 0.76 1.40992307237 0.0
77 0.76 1.40992307237 0.0
78 0.78 1.40577951389 0.0
79 0.78 1.40577951389 0.0
80 0.8 1.4 0.0
81 0.8 1.4 0.0
82 0.82 1.39236352085 0.0
83 0.82 1.39236352085 0.0
84 0.84 1.38258639865 0.0
85 0.84 1.38258639865 0.0
86 0.86 1.37029403289 0.0
87 0.86 1.37029403289 0.0
88 0.88 1.35497368348 0.0
89 0.88 1.35497368348 0.0
90 0.9 1.33588989435 0.0
91 0.9 1.33588989435 0.0
92 0.92 1.31191835885 0.0
93 0.92 1.31191835885 0.0
94 0.94 1.28117444218 0.0
95 0.94 1.28117444218 0.0
96 0.96 1.24 0.0
97 0.96 1.24 0.0
98 0.98 1.17899748742 0.0
99 0.98 1.17899748742 0.0
100 1.0 1.0 0.0
101 1.0 1.0 0.0
102 1.0 1.0 0.0
103 1.0 1.0 0.0
104 0.98 0.781002512579 0.0
105 0.98 0.781002512579 0.0
106 0.96 0.68 0.0
107 0.96 0.68 0.0
108 0.94 0.598825557815 0.0
109 0.94 0.598825557815 0.0
110 0.92 0.528081641155 0.0
111 0.92 0.528081641155 0.0
112 0.9 0.464110105646 0.0
113 0.9 0.464110105646 0.0
114 0.88 0.405026316518 0.0
115 0.88 0.405026316518 0.0
116 0.86 0.349705967113 0.0
117 0.86 0.349705967113 0.0
118 0.84 0.29741360135 0.0
119 0.84 0.29741360135 0.0
120 0.82 0.24763647915 0.0
121 0.82 0.24763647915 0.0
122 0.8 0.2 0.0
123 0.8 0.2 0.0
124 0.78 0.154220486114 0.0
125 0.78 0.154220486114 0.0
126 0.76 0.110076927629 0.0
127 0.76 0.110076927629 0.0
128 0.74 0.067393131168 0.0
129 0.74 0.067393131168 0.0
130 0.72 0.0260259370841 0.0
131 0.72 0.0260259370841 0.0
132 0.7 -0.0141428428543 0.0
133 0.7 -0.0141428428543 0.0
134 0.68 -0.0532121111929 0.0
135 0.68 -0.0532121111929 0.0
136 0.66 -0.0912655988397 0.0
137 0.66 -0.0912655988397 0.0
138 0.64 -0.128374908492 0.0
139 0.64 -0.128374908492 0.0
140 0.62 -0.164601809837 0.0
141 0.62 -0.164601809837 0.0
142 0.6 -0.2 0.0
143 0.6 -0.2 0.0
144 0.58 -0.234616474177 0.0
145 0.58 -0.234616474177 0.0
146 0.56 -0.268492607088 0.0
147 0.56 -0.268492607088 0.0
148 0.54 -0.3016650165 0.0
149 0.54 -0.3016650165 0.0
150 0.52 -0.334166260163 0.0
151 0.52 -0.334166260163 0.0
152 0.5 -0.366025403784 0.0
153 0.5 -0.366025403784 0.0
154 0.48 -0.397268487978 0.0
155 0.48 -0.397268487978 0.0
156 0.46 -0.427918915217 0.0
157 0.46 -0.427918915217 0.0
158 0.44 -0.457997772826 0.0
159 0.44 -0.457997772826 0.0
160 0.42 -0.487524104363 0.0
161 0.42 -0.487524104363 0.0
162 0.4 -0.516515138991 0.0
163 0.4 -0.516515138991 0.0
164 0.38 -0.544986486388 0.0
165 0.38 -0.544986486388 0.0
166 0.36 -0.572952303175 0.0
167 0.36 -0.572952303175 0.0
168 0.34 -0.600425435641 0.0
169 0.34 -0.600425435641 0.0
170 0.32 -0.627417542586 0.0
171 0.32 -0.627417542586 0.0
172 0.3 -0.653939201417 0.0
173 0.3 -0.653939201417 0.0
174 0.28 -0.68 0.0
175 0.28 -0.68 0.0
176 0.26 -0.705608616366 0.0
177 0.26 -0.705608616366 0.0
178 0.24 -0.730772887961 0.0
179 0.24 -0.730772887961 0.0
180 0.22 -0.755499871861 0.0
181 0.22 -0.755499871861 0.0
182 0.2 -0.779795897113 0.0
183 0.2 -0.779795897113 0.0
184 0.18 -0.803666610189 0.0
185 0.18 -0.803666610189 0.0
186 0.16 -0.82711701434 0.0
187 0.16 -0.82711701434 0.0
188 0.14 -0.850151503559 0.0
189 0.14 -0.850151503559 0.0
190 0.12 -0.872773891679 0.0
191 0.12 -0.872773891679 0.0
192 0.1 -0.894987437107 0.0
193 0.1 -0.894987437107 0.0
194 0.08 -0.91679486355 0.0
195 0.08 -0.91679486355 0.0
196 0.06 -0.938198377077 0.0
197 0.06 -0.938198377077 0.0
198 0.04 -0.959199679744 0.0
199 0.04 -0.959199679744 0.0
200 0.02 -0.979799979996 0.0
201 0.02 -0.979799979996 0.0
202 0.0 -1.0 0.0
203 0.0 -1.0 0.0
204 -0.0 -1.0 0.0
205 -0.0 -1.0 0.0
206 -0.02 -0.979799979996 0.0
207 -0.02 -0.979799979996 0.0
208 -0.04 -0.959199679744 0.0
209 -0.04 -0.959199679744 0.0
210 -0.06 -0.938198377077 0.0
211 -0.06 -0.938198377077 0.0
212 -0.08 -0.91679486355 0.0
213 -0.08 -0.91679486355 0.0
214 -0.1 -0.894987437107 0.0
215 -0.1 -0.894987437107 0.0
216 -0.12 -0.872773891679 0.0
217 -0.12 -0.872773891679 0.0
218 -0.14 -0.850151503559 0.0
219 -0.14 -0.850151503559 0.0
220 -0.16 -0.82711701434 0.0
221 -0.16 -0.82711701434 0.0
222 -0.18 -0.803666610189 0.0
223 -0.18 -0.803666610189 0.0
224 -0.2 -0.779795897113 0.0
225 -0.2 -0.779795897113 0.0
226 -0.22 -0.755499871861 0.0
227 -0.22 -0.755499871861 0.0
228 -0.24 -0.730772887961 0.0
229 -0.24 -0.730772887961 0.0
230 -0.26 -0.705608616366 0.0
231 -0.26 -0.705608616366 0.0
232 -0.28 -0.68 0.0
233 -0.28 -0.68 0.0
234 -0.3 -0.653939201417 0.0
235 -0.3 -0.653939201417 0.0
236 -0.32 -0.627417542586 0.0
237 -0.32 -0.627417542586 0.0
238 -0.34 -0.600425435641 0.0
239 -0.34 -0.600425435641 0.0
240 -0.36 -0.572952303175 0.0
241 -0.36 -0.572952303175 0.0
242 -0.38 -0.544986486388 0.0
243 -0.38 -0.544986486388 0.0
244 -0.4 -0.516515138991 0.0
245 -0.4 -0.516515138991 0.0
246 -0.42 -0.487524104363 0.0
247 -0.42 -0.487524104363 0.0
248 -0.44 -0.457997772826 0.0
249 -0.44 -0.457997772826 0.0
250 -0.46 -0.427918915217 0.0
251 -0.46 -0.427918915217 0.0
252 -0.48 -0.397268487978 0.0
253 -0.48 -0.397268487978 0.0
254 -0.5 -0.366025403784 0.0
255 -0.5 -0.366025403784 0.0
256 -0.52 -0.334166260163 0.0
257 -0.52 -0.334166260163 0.0
258 -0.54 -0.3016650165 0.0
259 -0.54 -0.3016650165 0.0
260 -0.56 -0.268492607088 0.0
261 -0.56 -0.268492607088 0.0
262 -0.58 -0.234616474177 0.0
263 -0.58 -0.234616474177 0.0
264 -0.6 -0.2 0.0
265 -0.6 -0.2 0.0
266 -0.62 -0.164601809837 0.0
267 -0.62 -0.164601809837 0.0
268 -0.64 -0.128374908492 0.0
269 -0.64 -0.128374908492 0.0
270 -0.66 -0.0912655988397 0.0
271 -0.66 -0.0912655988397 0.0
272 -0.68 -0.0532121111929 0.0
273 -0.68 -0.0532121111929 0.0
274 -0.7 -0.0141428428543 0.0
275 -0.7 -0.0141428428543 0.0
276 -0.72 0.0260259370841 0.0
277 -0.72 0.0260259370841 0.0
278 -0.74 0.067393131168 0.0
279 -0.74 0.067393131168 0.0
280 -0.76 0.110076927629 0.0
281 -0.76 0.110076927629 0.0
282 -0.78 0.154220486114 0.0
283 -0.78 0.154220486114 0.0
284 -0.8 0.2 0.0
285 -0.8 0.2 0.0
286 -0.82 0.24763647915 0.0
287 -0.82 0.24763647915 0.0
288 -0.84 0.29741360135 0.0
289 -0.84 0.29741360135 0.0
290 -0.86 0.349705967113 0.0
291 -0.86 0.349705967113 0.0
292 -0.88 0.405026316518 0.0
293 -0.88 0.405026316518 0.0
294 -0.9 0.464110105646 0.0
295 -0.9 0.464110105646 0.0
296 -0.92 0.528081641155 0.0
297 -0.92 0.528081641155 0.0
298 -0.94 0.598825557815 0.0
299 -0.94 0.598825557815 0.0
300 -0.96 0.68 0.0
301 -0.96 0.68 0.0
302 -0.98 0.781002512579 0.0
303 -0.98 0.781002512579 0.0
304 -1.0 1.0 0.0
305 -1.0 1.0 0.0
306 -1.0 1.0 0.0
307 -1.0 1.0 0.0
308 -0.98 1.17899748742 0.0
309 -0.98 1.17899748742 0.0
310 -0.96 1.24 0.0
311 -0.96 1.24 0.0
312 -0.94 1.28117444218 0.0
313 -0.94 1.28117444218 0.0
314 -0.92 1.31191835885 0.0
315 -0.92 1.31191835885 0.0
316 -0.9 1.33588989435 0.0
317 -0.9 1.33588989435 0.0
318 -0.88 1.35497368348 0.0
319 -0.88 1.35497368348 0.0
320 -0.86 1.37029403289 0.0
321 -0.86 1.37029403289 0.0
322 -0.84 1.38258639865 0.0
323 -0.84 1.38258639865 0.0
324 -0.82 1.39236352085 0.0
325 -0.82 1.39236352085 0.0
326 -0.8 1.4 0.0
327 -0.8 1.4 0.0
328 -0.78 1.40577951389 0.0
329 -0.78 1.40577951389 0.0
330 -0.76 1.40992307237 0.0
331 -0.76 1.40992307237 0.0
332 -0.74 1.41260686883 0.0
333 -0.74 1.41260686883 0.0
334 -0.72 1.41397406292 0.0
335 -0.72 1.41397406292 0.0
336 -0.7 1.41414284285 0.0
337 -0.7 1.41414284285 0.0
338 -0.68 1.41321211119 0.0
339 -0.68 1.41321211119 0.0
340 -0.66 1.41126559884 0.0
341 -0.66 1.41126559884 0.0
342 -0.64 1.40837490849 0.0
343 -0.64 1.40837490849 0.0
344 -0.62 1.40460180984 0.0
345 -0.62 1.40460180984 0.0
346 -0.6 1.4 0.0
347 -0.6 1.4 0.0
348 -0.58 1.39461647418 0.0
349 -0.58 1.39461647418 0.0
350 -0.56 1.38849260709 0.0
351 -0.56 1.38849260709 0.0
352 -0.54 1.3816650165 0.0
353 -0.54 1.3816650165 0.0
354 -0.52 1.37416626016 0.0
355 -0.52 1.37416626016 0.0
356 -0.5 1.36602540378 0.0
357 -0.5 1.36602540378 0.0
358 -0.48 1.35726848798 0.0
359 -0.48 1.35726848798 0.0
360 -0.46 1.34791891522 0.0
361 -0.46 1.34791891522 0.0
362 -0.44 1.33799777283 0.0
363 -0.44 1.33799777283 0.0
364 -0.42 1.32752410436 0.0
365 -0.42 1.32752410436 0.0
366 -0.4 1.31651513899 0.0
367 -0.4 1.31651513899 0.0
368 -0.38 1.30498648639 0.0
369 -0.38 1.30498648639 0.0
370 -0.36 1.29295230318 0.0
371 -0.36 1.29295230318 0.0
372 -0.34 1.28042543564 0.0
373 -0.34 1.28042543564 0.0
374 -0.32 1.26741754259 0.0
375 -0.32 1.26741754259 0.0
376 -0.3 1.25393920142 0.0
377 -0.3 1.25393920142 0.0
378 -0.28 1.24 0.0
379 -0.28 1.24 0.0
380 -0.26 1.22560861637 0.0
381 -0.26 1.22560861637 0.0
382 -0.24 1.21077288796 0.0
383 -0.24 1.21077288796 0.0
384 -0.22 1.19549987186 0.0
385 -0.22 1.19549987186 0.0
386 -0.2 1.17979589711 0.0
387 -0.2 1.17979589711 0.0
388 -0.18 1.16366661019 0.0
389 -0.18 1.16366661019 0.0
390 -0.16 1.14711701434 0.0
391 -0.16 1.14711701434 0.0
392 -0.14 1.13015150356 0.0
393 -0.14 1.13015150356 0.0
394 -0.12 1.11277389168 0.0
395 -0.12 1.11277389168 0.0
396 -0.1 1.09498743711 0.0
397 -0.1 1.09498743711 0.0
398 -0.08 1.07679486355 0.0
399 -0.08 1.07679486355 0.0
400 -0.06 1.05819837708 0.0
401 -0.06 1.05819837708 0.0
402 -0.04 1.03919967974 0.0
403 -0.04 1.03919967974 0.0
404 -0.02 1.01979998 0.0
405 -0.02 1.01979998 0.0
406 -0.0 1.0 0.0
407 -0.0 1.0 0.0
