0 0.0 0.0 0.0
1 0.0 0.25 0.0
2 0.0 0.5 0.0
3 0.0 0.75 0.0
4 0.0 1.0 0.0
5 0.0 1.25 0.0
6 0.0 1.5 0.0
7 0.0 1.75 0.0
8 0.0 2.0 0.0
9 0.25 2.0 0.0
10 0.5 2.0 0.0
11 0.75 2.0 0.0
12 1.0 2.0 0.0
13 1.25 2.0 0.0
14 1.5 2.0 0.0
15 1.75 2.0 0.0
16 2.0 2.0 0.0
17 2.0 1.75 0.0
18 2.0 1.5 0.0
19 2.0 1.25 0.0
20 2.0 1.0 0.0
21 2.0 0.75 0.0
22 2.0 0.5 0.0
23 2.0 0.25 0.0
24 2.0 0.0 0.0
25 1.75 0.0 0.0
26 1.5 0.0 0.0
27 1.25 0.0 0.0
28 1.0 0.0 0.0
29 0.75 0.0 0.0
30 0.5 0.0 0.0
31 0.25 0.0 0.0
32 0.0 0.0 0.0